5 0.031773 0.152249 0.179487 0.152249 0.179487 0.294118 0.031773 0.294118
5 0.019509 0.346021 0.170011 0.346021 0.170011 0.490196 0.019509 0.490196
5 0.002787 0.527105 0.171126 0.527105 0.171126 0.663206 0.002787 0.663206
0 0.193423 0.138408 0.324415 0.138408 0.324415 0.348328 0.193423 0.348328
0 0.192308 0.369089 0.348384 0.369089 0.348384 0.484429 0.192308 0.484429
0 0.187848 0.521338 0.355072 0.521338 0.355072 0.665513 0.187848 0.665513
1 0.359532 0.138408 0.486065 0.138408 0.486065 0.279123 0.359532 0.279123
1 0.374582 0.386390 0.448718 0.386390 0.448718 0.478662 0.374582 0.478662
1 0.379041 0.532872 0.468227 0.532872 0.468227 0.651672 0.379041 0.651672
4 0.707915 0.140715 0.990524 0.140715 0.990524 0.267589 0.707915 0.267589
4 0.725753 0.374856 0.937570 0.374856 0.937570 0.484429 0.725753 0.484429
4 0.717391 0.521338 1.012821 0.521338 1.012821 0.648212 0.717391 0.648212
3 0.670011 0.002307 0.689521 0.256055 0.527871 0.434833 0.454292 0.328720 0.672798 -0.002307
3 0.477703 0.423299 0.525084 0.619377 0.778707 0.449827 0.812152 0.340254 0.787068 0.232987 0.477703 0.429066
3 0.458194 0.567474 0.763657 0.357555 0.758082 0.677047 0.496098 0.865052 0.449833 0.780854 0.457079 0.565167
