5 0.050565 0.112045 0.191553 0.107376 0.185604 0.328665 0.050565 0.338002 0.050565 0.099907
5 0.026770 0.550887 0.202261 0.550887 0.202261 0.634921 0.026770 0.634921
5 0.024985 0.660131 0.264723 0.660131 0.264723 0.720822 0.024985 0.720822
5 0.008923 0.734827 0.200476 0.730159 0.197501 0.832866 0.010113 0.832866
0 0.218322 0.104575 0.367043 0.104575 0.367043 0.263305 0.218322 0.263305
0 0.200476 0.718954 0.356930 0.718954 0.356930 0.840336 0.200476 0.840336
1 0.362879 0.076564 0.582986 0.076564 0.582986 0.205415 0.362879 0.205415
1 0.377751 0.515406 0.532421 0.515406 0.532421 0.606909 0.377751 0.606909
1 0.407496 0.630252 0.527662 0.630252 0.527662 0.716153 0.407496 0.716153
1 0.396788 0.728291 0.580012 0.728291 0.580012 0.832866 0.396788 0.832866
4 0.543724 0.416433 0.561570 0.461251 0.763236 0.181139 0.737061 0.161531 0.547888 0.406162
4 0.776324 0.516340 0.773944 0.616246 0.988697 0.601307 0.999405 0.476190 0.779298 0.507937
3 0.465199 0.339869 0.534801 0.478058 0.772754 0.162465 0.690065 0.032680 0.460440 0.333333
3 0.233195 0.577965 0.499108 0.309991 0.515764 0.384687 0.496728 0.416433 0.519334 0.442577 0.534206 0.476190 0.550863 0.474323 0.545509 0.507937 0.352171 0.730159 0.316478 0.698413 0.325996 0.658263 0.281380 0.696545 0.254610 0.647993 0.207615 0.618114 0.238548 0.569561
3 0.718620 0.264239 0.787032 0.272642 0.823914 0.339869 0.842356 0.401494 0.817371 0.491130 0.681737 0.804855 0.594289 0.751634 0.571089 0.691877 0.631767 0.481793 0.671029 0.376284 0.723379 0.261438
3 0.669839 0.830065 0.745390 0.963585 0.977989 0.609711 0.889946 0.496732 0.676383 0.816060
