5 0.055271 0.265720 0.174929 0.116633 0.202279 0.182556 0.085470 0.334686
5 0.022792 0.395538 0.159544 0.395538 0.159544 0.483773 0.022792 0.483773
5 -0.003989 0.740365 0.116809 0.740365 0.116809 0.912779 -0.003989 0.912779
0 0.206268 0.121704 0.286040 0.121704 0.286040 0.218053 0.206268 0.218053
0 0.174929 0.377282 0.314530 0.377282 0.314530 0.488844 0.174929 0.488844
0 0.165242 0.740365 0.290598 0.740365 0.290598 0.843813 0.165242 0.843813
1 0.339031 0.118661 0.495726 0.118661 0.495726 0.240365 0.339031 0.240365
1 0.333333 0.365112 0.501425 0.360041 0.496866 0.486815 0.333333 0.491886
1 0.324786 0.750507 0.499715 0.750507 0.499715 0.846856 0.324786 0.846856
3 0.437037 0.463489 0.717949 0.174442 0.793162 0.362069 0.467236 0.676471
3 0.536752 0.585193 0.630769 0.557809 0.698006 0.630832 0.723647 0.740365 0.719088 0.833671 0.689459 0.927992 0.627920 0.978702 0.553846 0.978702 0.499715 0.882353 0.481481 0.798174 0.490028 0.694726 0.533903 0.590264 0.536752 0.585193
3 0.660969 0.339757 0.895726 0.005071 0.968661 0.144016 0.715100 0.478702
4 0.675214 0.390467 0.929915 0.387424 0.924217 0.468560 0.676353 0.468560
4 0.692308 0.752535 0.982906 0.722110 0.982906 0.843813 0.692308 0.843813
