5 0.031128 0.086364 0.021123 0.104545 0.022235 0.159091 0.025570 0.180000 0.121178 0.200909 0.158421 0.198182 0.147304 0.193636 0.193441 0.184545 0.197332 0.172727 0.197332 0.154545 0.196220 0.119091 0.183991 0.107273 0.057254 0.080000 0.036687 0.082727
5 0.077821 0.273636 0.044469 0.273636 0.017232 0.273636 0.011117 0.320909 0.014452 0.332727 0.047248 0.354545 0.112840 0.375455 0.136187 0.375455 0.154530 0.364545 0.164536 0.334545 0.153419 0.291818 0.058366 0.269091
5 0.037799 0.402727 0.027793 0.425455 0.022235 0.470909 0.033352 0.502727 0.075042 0.523636 0.115620 0.546364 0.141745 0.546364 0.166759 0.528182 0.175097 0.469091 0.154530 0.405455 0.081156 0.369091 0.050028 0.375455 0.036687 0.407273
5 0.005559 0.604545 0.001668 0.648182 0.001668 0.670909 0.008894 0.691818 0.032240 0.713636 0.061145 0.723636 0.072262 0.730000 0.087827 0.740909 0.136743 0.746364 0.155642 0.736364 0.168427 0.709091 0.155642 0.666364 0.150083 0.648182 0.143413 0.600909 0.131184 0.584545 0.091718 0.573636 0.061701 0.577273 0.038911 0.582727 0.004447 0.611818
0 0.228460 0.107273 0.201779 0.131818 0.253474 0.202727 0.264036 0.181818 0.258477 0.127273 0.247916 0.091818 0.222346 0.095455
0 0.209005 0.268182 0.181212 0.300909 0.172318 0.325455 0.168427 0.355455 0.186770 0.368182 0.310172 0.369091 0.329628 0.364545 0.343524 0.352727 0.350750 0.334545 0.342412 0.289091 0.304614 0.275455 0.270150 0.275455 0.225681 0.250000
0 0.204558 0.409091 0.197332 0.422727 0.186770 0.441818 0.179544 0.466364 0.175097 0.490909 0.179544 0.518182 0.185103 0.527273 0.196220 0.536364 0.211784 0.550000 0.239022 0.563636 0.250695 0.568182 0.269594 0.557273 0.275709 0.505455 0.268482 0.436364 0.254586 0.420909 0.222902 0.413636 0.204558 0.410000
0 0.171206 0.577273 0.161757 0.586364 0.150083 0.610000 0.156198 0.636364 0.158977 0.648182 0.168427 0.696364 0.171206 0.732727 0.172874 0.743636 0.200667 0.746364 0.264036 0.722727 0.295164 0.722727 0.333519 0.711818 0.356309 0.673636 0.345192 0.602727 0.325181 0.581818 0.261812 0.582727
1 0.407449 0.264545 0.375764 0.325455 0.382435 0.352727 0.438021 0.370909 0.473041 0.372727 0.496387 0.363636 0.508616 0.339091 0.500278 0.320909 0.463035 0.270909 0.450250 0.255455 0.411340 0.263636
1 0.350195 0.472727 0.357421 0.498182 0.374097 0.516364 0.394664 0.522727 0.434130 0.491818 0.443580 0.464545 0.405781 0.427273 0.382435 0.396364 0.360200 0.425455 0.353530 0.440909 0.347415 0.466364 0.349083 0.480000 0.347971 0.477273
3 0.541968 0.068182 0.490828 0.089091 0.466926 0.113636 0.455809 0.173636 0.455809 0.204545 0.467482 0.250909 0.503613 0.269091 0.557532 0.269091 0.637021 0.255455 0.717621 0.230000 0.759311 0.186364 0.767649 0.141818 0.759311 0.100000 0.703724 0.057273 0.678710 0.023636 0.628683 0.018182 0.545303 0.059091
3 0.704836 0.322727 0.699277 0.289091 0.690939 0.234545 0.678710 0.210000 0.639800 0.213636 0.586437 0.225455 0.517510 0.263636 0.485270 0.281818 0.472485 0.413636 0.500834 0.455455 0.612007 0.450000 0.665926 0.418182 0.709283 0.381818 0.703724 0.327273
3 0.541968 0.428182 0.530850 0.436364 0.511395 0.460000 0.482490 0.505455 0.461923 0.564545 0.471373 0.623636 0.493608 0.673636 0.559200 0.664545 0.611451 0.618182 0.639800 0.572727 0.675931 0.513636 0.736520 0.490909 0.744858 0.457273 0.722624 0.381818 0.688160 0.364545 0.649250 0.370909 0.608671 0.382727 0.555864 0.404545 0.544747 0.420909
3 0.428016 0.591818 0.417454 0.623636 0.410228 0.669091 0.391884 0.737273 0.387993 0.752727 0.390773 0.811818 0.426904 0.854545 0.470261 0.884545 0.566982 0.907273 0.654808 0.932727 0.710395 0.982727 0.764314 0.950909 0.764314 0.895455 0.767093 0.796364 0.768760 0.766364 0.743747 0.750000 0.710395 0.714545 0.672596 0.695455 0.632574 0.675455 0.564758 0.652727 0.522513 0.640909 0.446359 0.611818 0.428016 0.596364
4 0.724291 0.275455 0.714286 0.307273 0.714286 0.343636 0.743747 0.366364 0.833797 0.359091 0.892718 0.360000 0.925514 0.350909 0.932740 0.319091 0.904947 0.277273 0.816009 0.277273 0.731518 0.281818
4 0.743747 0.577273 0.681490 0.616364 0.656476 0.639091 0.650917 0.660000 0.671484 0.695455 0.692607 0.709091 0.742635 0.725455 0.801001 0.728182 0.844914 0.739091 0.900500 0.759091 1.001112 0.745455 0.989994 0.687273 0.978321 0.641818 0.964425 0.586364 0.923291 0.581818 0.825459 0.586364 0.777098 0.586364 0.740967 0.577273
