5 0.038484 0.234297 0.014577 0.265204 0.002915 0.302094 0.007580 0.339980 0.030904 0.364905 0.106706 0.388833 0.154519 0.384845 0.198251 0.348953 0.204082 0.305085 0.175510 0.212363 0.138776 0.230309 0.110787 0.239282 0.068805 0.244267 0.037901 0.244267
5 0.139942 0.760718 0.088047 0.802592 0.080466 0.825523 0.081633 0.908275 0.151603 0.910269 0.200000 0.890329 0.243732 0.877368 0.302041 0.865404 0.334111 0.868395 0.364431 0.870389 0.379592 0.858425 0.370262 0.770688 0.316618 0.755733 0.265889 0.755733 0.221574 0.760718 0.148688 0.757727
0 0.250729 0.200399 0.249563 0.227318 0.208746 0.279163 0.209913 0.332004 0.315452 0.346959 0.358601 0.317049 0.326531 0.232303 0.246647 0.234297
0 0.280466 0.877368 0.236152 0.920239 0.218659 0.948156 0.341108 0.980060 0.382507 0.953141 0.387755 0.908275 0.383673 0.880359 0.382507 0.872383 0.354519 0.877368 0.324198 0.885344 0.296210 0.885344 0.282799 0.885344
1 0.422741 0.220339 0.404082 0.230309 0.394169 0.254237 0.398251 0.315055 0.411079 0.322034 0.436152 0.336989 0.459475 0.336989 0.463557 0.314058 0.478134 0.279163 0.510787 0.219342 0.502041 0.190429 0.466472 0.184447 0.432070 0.195414 0.413994 0.217348
1 0.440816 0.797607 0.426239 0.862413 0.423324 0.910269 0.437901 0.965105 0.518950 0.958126 0.623907 0.903290 0.596501 0.777667 0.545773 0.803589 0.513120 0.808574 0.443149 0.782652
3 0.536443 0.180459 0.530612 0.199402 0.510204 0.229312 0.490379 0.239282 0.479883 0.265204 0.476968 0.330010 0.493294 0.371884 0.503207 0.421735 0.542857 0.461615 0.606997 0.469591 0.660641 0.433699 0.708455 0.366899 0.748105 0.332004 0.758601 0.309073 0.758601 0.264207 0.756851 0.215354 0.763848 0.170489 0.763848 0.129611 0.751020 0.075773 0.698542 0.087737 0.646064 0.117647 0.576093 0.152542 0.553936 0.165503 0.539359 0.184447
3 0.776093 0.664008 0.717201 0.708873 0.693878 0.740778 0.694461 0.830508 0.707289 0.898305 0.748105 0.920239 0.811079 0.908275 0.900875 0.888335 0.966764 0.887338 0.980175 0.867398 0.994752 0.783649 0.985423 0.702891 0.959767 0.670987 0.906706 0.685942 0.786006 0.659023
4 0.715452 0.197408 0.710787 0.295115 0.883965 0.308076 0.965598 0.262213 0.967930 0.156530 0.955685 0.127617 0.889213 0.156530 0.724781 0.182453
4 0.728280 0.849452 0.725948 0.885344 0.967347 0.844467 0.961516 0.815553 0.725364 0.839482
