5 0.018836 0.135991 0.163242 0.135991 0.163242 0.273154 0.018836 0.273154
5 0.003425 0.429074 0.163242 0.429074 0.163242 0.597890 0.003425 0.597890
0 0.226027 0.128957 0.304224 0.128957 0.304224 0.273154 0.226027 0.273154
0 0.188356 0.460727 0.300228 0.460727 0.300228 0.628370 0.188356 0.628370
1 0.336758 0.112544 0.490868 0.112544 0.490868 0.241501 0.336758 0.241501
1 0.336758 0.460727 0.481164 0.460727 0.481164 0.613130 0.336758 0.613130
4 0.640982 0.202814 0.998858 0.777257 0.960616 0.894490 0.612443 0.308324 0.644977 0.211020
4 0.664384 0.239156 0.675228 0.303634 0.943493 0.268464 0.937785 0.216882 0.663242 0.237984
3 0.633562 0.093787 0.964612 0.053927 0.962329 0.358734 0.703767 0.358734 0.618151 0.105510 0.639269 0.085580
3 0.485160 0.105510 0.787671 0.604924 0.692352 0.839390 0.406963 0.343494 0.492580 0.100821
