5 0.111111 0.236842 0.091136 0.245614 0.017478 0.258772 -0.004994 0.269737 -0.001248 0.328947 0.033708 0.368421 0.116105 0.361842 0.182272 0.339912 0.197253 0.298246 0.168539 0.197368 0.082397 0.241228
5 0.061174 0.421053 0.006242 0.429825 -0.003745 0.464912 0.006242 0.607456 0.048689 0.620614 0.111111 0.616228 0.152310 0.585526 0.164794 0.541667 0.164794 0.475877 0.148564 0.425439 0.074906 0.399123 0.062422 0.412281 0.054931 0.421053 0.057428 0.410088
5 0.048689 0.635965 0.024969 0.649123 0.022472 0.692982 0.041199 0.741228 0.101124 0.747807 0.174782 0.756579 0.220974 0.743421 0.237203 0.673246 0.224719 0.614035 0.173533 0.614035 0.114856 0.614035 0.078652 0.627193 0.054931 0.640351
5 0.033708 0.769737 0.019975 0.780702 -0.009988 0.837719 0.018727 0.905702 0.119850 0.923246 0.157303 0.914474 0.218477 0.888158 0.220974 0.850877 0.204744 0.807018 0.154806 0.774123 0.092385 0.765351 0.044944 0.765351 0.033708 0.763158
0 0.278402 0.221491 0.250936 0.243421 0.240949 0.342105 0.302122 0.368421 0.335830 0.324561 0.334582 0.256579 0.262172 0.219298
0 0.243446 0.394737 0.198502 0.405702 0.191011 0.451754 0.222222 0.502193 0.324594 0.504386 0.354557 0.502193 0.383271 0.484649 0.380774 0.440789 0.364544 0.385965 0.289638 0.370614 0.234707 0.370614 0.237203 0.385965
1 0.406991 0.241228 0.397004 0.280702 0.439451 0.364035 0.503121 0.364035 0.518102 0.335526 0.521848 0.280702 0.508115 0.210526 0.459426 0.203947 0.426966 0.221491 0.400749 0.254386
1 0.431960 0.403509 0.420724 0.436404 0.428215 0.480263 0.470662 0.495614 0.513109 0.475877 0.516854 0.427632 0.478152 0.383772 0.455680 0.383772 0.441948 0.385965 0.429463 0.394737
1 0.445693 0.570175 0.393258 0.592105 0.347066 0.638158 0.345818 0.673246 0.360799 0.725877 0.403246 0.756579 0.480649 0.747807 0.518102 0.723684 0.559301 0.668860 0.576779 0.600877 0.548065 0.581140 0.466916 0.576754 0.408240 0.578947
1 0.395755 0.767544 0.363296 0.811404 0.363296 0.870614 0.395755 0.899123 0.460674 0.907895 0.548065 0.885965 0.566792 0.872807 0.549313 0.785088 0.463171 0.756579 0.429463 0.756579 0.405743 0.756579
3 0.588015 0.160088 0.540574 0.171053 0.538077 0.254386 0.540574 0.302632 0.540574 0.379386 0.546816 0.410088 0.622971 0.416667 0.705368 0.405702 0.820225 0.403509 0.850187 0.403509 0.878901 0.350877 0.891386 0.260965 0.891386 0.190789 0.896380 0.157895 0.726592 0.142544 0.646692 0.168860 0.596754 0.149123
3 0.605493 0.407895 0.596754 0.414474 0.556804 0.462719 0.554307 0.526316 0.550562 0.565789 0.553059 0.596491 0.669164 0.587719 0.719101 0.605263 0.792759 0.600877 0.843945 0.592105 0.855181 0.574561 0.875156 0.521930 0.871411 0.412281 0.866417 0.392544 0.837703 0.394737 0.710362 0.394737 0.637953 0.390351 0.616729 0.396930 0.607990 0.399123
3 0.940075 0.155702 0.978777 0.190789 0.978777 0.230263 0.980025 0.291667 0.981273 0.390351 0.983770 0.473684 0.993758 0.589912 0.992509 0.769737 0.991261 0.804825 0.988764 0.866228 0.988764 0.901316 0.963795 0.918860 0.916355 0.934211 0.902622 0.885965 0.890137 0.734649 0.890137 0.581140 0.890137 0.475877 0.892634 0.328947 0.892634 0.256579 0.916355 0.146930 0.920100 0.127193 0.926342 0.153509
4 0.627965 0.642544 0.629213 0.673246 0.656679 0.804825 0.684145 0.892544 0.695381 0.940789 0.701623 0.980263 0.705368 1.006579 0.746567 1.013158 0.789014 1.013158 0.754057 0.857456 0.730337 0.785088 0.701623 0.706140 0.687890 0.620614
4 0.605493 0.635965 0.583021 0.642544 0.594257 0.736842 0.617978 0.864035 0.619226 0.923246 0.662921 1.013158 0.687890 0.995614 0.696629 0.951754 0.677903 0.888158 0.657928 0.774123 0.649189 0.697368 0.634207 0.629386 0.604245 0.633772
