5 0.044743 0.080460 0.024609 0.114943 0.003356 0.147510 0.003356 0.180077 0.006711 0.226054 0.016779 0.243295 0.041387 0.256705 0.078300 0.249042 0.142058 0.187739 0.153244 0.160920 0.143177 0.120690 0.105145 0.107280 0.048098 0.080460
5 0.074944 0.701149 0.042506 0.756705 0.023490 0.798851 0.017897 0.833333 0.054810 0.909962 0.126398 0.879310 0.144295 0.858238 0.232662 0.854406 0.239374 0.823755 0.239374 0.789272 0.227069 0.741379 0.098434 0.741379 0.057047 0.718391
0 0.298658 0.101533 0.257271 0.101533 0.249441 0.136015 0.260626 0.159004 0.306488 0.162835 0.306488 0.111111 0.299776 0.099617
1 0.442953 0.091954 0.397092 0.097701 0.393736 0.124521 0.393736 0.162835 0.417226 0.212644 0.446309 0.235632 0.477629 0.162835 0.484340 0.118774 0.441834 0.086207
1 0.437360 0.724138 0.375839 0.735632 0.341163 0.760536 0.334452 0.848659 0.391499 0.854406 0.449664 0.852490 0.474273 0.844828 0.504474 0.829502 0.506711 0.756705 0.497763 0.727969 0.423937 0.718391
3 0.585011 0.109195 0.536913 0.166667 0.504474 0.220307 0.489933 0.275862 0.489933 0.325670 0.501119 0.375479 0.524609 0.404215 0.536913 0.396552 0.577181 0.419540 0.629754 0.438697 0.672260 0.396552 0.747204 0.287356 0.772931 0.237548 0.789709 0.191571 0.797539 0.141762 0.759508 0.088123 0.741611 0.065134 0.737136 0.011494 0.637584 0.078544 0.616331 0.107280 0.589485 0.107280
3 0.463087 0.404215 0.475391 0.477011 0.483221 0.565134 0.495526 0.664751 0.511186 0.772031 0.533557 0.877395 0.550336 0.940613 0.567114 0.992337 0.593960 0.990421 0.636465 0.978927 0.692394 0.955939 0.699105 0.906130 0.699105 0.842912 0.683445 0.758621 0.663311 0.681992 0.653244 0.586207 0.646532 0.503831 0.633110 0.438697 0.612975 0.369732 0.601790 0.335249 0.583893 0.325670 0.508949 0.371648 0.470917 0.375479
4 0.824385 0.080460 0.743848 0.130268 0.733781 0.159004 0.749441 0.216475 0.842282 0.273946 0.889262 0.262452 0.950783 0.220307 0.982103 0.170498 0.992170 0.120690 0.808725 0.088123 0.782998 0.080460 0.804251 0.099617
4 0.702461 0.603448 0.687919 0.660920 0.674497 0.718391 0.670022 0.762452 0.700224 0.844828 0.740492 0.839080 0.822148 0.854406 0.865772 0.856322 0.910515 0.844828 0.939597 0.825670 0.960850 0.800766 0.966443 0.676245 0.913870 0.582375 0.823266 0.584291 0.731544 0.613027 0.706935 0.613027
4 0.657159 0.930077 0.690157 0.916667 0.597875 0.341954 0.572707 0.341954 0.630872 0.745211 0.643736 0.864943 0.655481 0.912835
