5 0.011962 0.158933 0.183612 0.158933 0.183612 0.336427 0.011962 0.336427
5 0.002990 0.733179 0.147727 0.733179 0.147727 0.930394 0.002990 0.930394
0 0.224282 0.135731 0.340909 0.135731 0.340909 0.324826 0.224282 0.324826
0 0.167464 0.762181 0.333134 0.762181 0.333134 1.000000 0.167464 1.000000
1 0.410885 0.168213 0.508373 0.168213 0.508373 0.353828 0.410885 0.353828
1 0.348086 0.771462 0.484450 0.771462 0.484450 0.939675 0.348086 0.939675
3 0.656100 0.365429 0.720694 0.605568 1.005981 0.350348 0.930024 0.116009 0.656100 0.371230
3 0.475478 0.742459 0.811603 0.742459 0.811603 1.009281 0.475478 1.009281
4 0.403708 0.448956 0.703947 0.158933 0.738636 0.286543 0.428828 0.605568
4 0.814593 0.808585 0.977871 0.959397 0.967105 1.003480 0.792464 0.870070 0.819378 0.814385
