5 0.173279 0.035336 0.221862 0.108363 0.037247 0.478210 -0.011336 0.435807 0.173279 0.028269
5 0.223482 0.237927 0.263968 0.296820 0.046964 0.661955 0.006478 0.579505 0.221862 0.233216
2 0.229960 0.122497 0.315789 0.122497 0.315789 0.216726 0.229960 0.216726
2 0.238057 0.233216 0.310931 0.233216 0.310931 0.296820 0.238057 0.296820
2 0.236437 0.301531 0.315789 0.301531 0.315789 0.388693 0.236437 0.388693
2 0.221862 0.391048 0.307692 0.391048 0.307692 0.482921 0.221862 0.482921
0 0.343320 0.131920 0.565182 0.131920 0.565182 0.219081 0.343320 0.219081
0 0.338462 0.223793 0.574899 0.223793 0.574899 0.318021 0.338462 0.318021
0 0.333603 0.320377 0.571660 0.320377 0.571660 0.407538 0.333603 0.407538
0 0.344939 0.412250 0.553846 0.412250 0.553846 0.513545 0.344939 0.513545
1 0.594332 0.138987 0.722267 0.138987 0.722267 0.237927 0.594332 0.237927
1 0.594332 0.252061 0.717409 0.252061 0.717409 0.325088 0.594332 0.325088
1 0.605668 0.327444 0.714170 0.327444 0.714170 0.424028 0.605668 0.424028
1 0.584615 0.424028 0.694737 0.424028 0.694737 0.485277 0.584615 0.485277
3 0.714170 0.457008 0.790283 0.621908 0.744939 0.737338 0.382186 0.904594 0.312551 0.666667 0.710931 0.457008
4 0.744939 0.155477 1.004049 0.155477 1.004049 0.249706 0.744939 0.249706
4 0.728745 0.249706 0.997571 0.249706 0.997571 0.343934 0.728745 0.343934
4 0.731984 0.334511 0.986235 0.334511 0.986235 0.438163 0.731984 0.438163
4 0.715789 0.424028 1.010526 0.424028 1.010526 0.513545 0.715789 0.513545
4 0.372470 0.802120 0.387854 0.849234 0.776518 0.643110 0.735223 0.593640 0.368421 0.799764
