4 0.239503 0.173212 0.295683 0.115811 0.470727 0.440081 0.401538 0.508560 0.334713 0.376636 0.237138 0.177241
4 1.024837 0.675730 0.871674 1.007049 0.901833 1.030211 1.044352 0.705942 1.024837 0.681772
5 0.063868 0.224572 0.040213 0.231621 0.018333 0.239678 0.008870 0.256798 0.004731 0.288016 0.025429 0.318227 0.071556 0.335347 0.128918 0.340383 0.153755 0.332326 0.162625 0.292044 0.153755 0.256798 0.125961 0.237664 0.104081 0.232629 0.054997 0.221550
5 0.068007 0.453172 0.044352 0.449144 0.022472 0.449144 0.010645 0.464250 0.009462 0.508560 0.028386 0.538771 0.049083 0.546828 0.089297 0.548842 0.121230 0.554884 0.149616 0.523665 0.149616 0.484391 0.134831 0.458208 0.089297 0.443102 0.077469 0.444109
5 0.022472 0.592145 0.021881 0.716012 0.099941 0.716012 0.147250 0.715005 0.179184 0.659617 0.134831 0.590131 0.062093 0.607251 0.024837 0.593152
5 0.010645 0.733132 0.013010 0.784491 0.098758 0.788520 0.143111 0.801611 0.157895 0.776435 0.154938 0.704935 0.028977 0.727090 0.006505 0.720040
5 0.004731 0.821752 0.076878 0.909366 0.141928 0.897281 0.179184 0.863041 0.151981 0.830816 0.099941 0.806647 0.031934 0.796576 0.001774 0.816717
0 0.215848 0.216516 0.204021 0.242699 0.204613 0.279960 0.236546 0.307150 0.253104 0.310171 0.274985 0.287009 0.274985 0.249749 0.243051 0.221550 0.214666 0.219536
1 0.397989 0.249749 0.392075 0.246727 0.377291 0.274924 0.411590 0.315206 0.455352 0.317221 0.470136 0.308157 0.479597 0.288016 0.487877 0.234642 0.452986 0.217522 0.419870 0.217522 0.396806 0.224572
1 0.358368 0.607251 0.322295 0.685801 0.350680 0.710977 0.431697 0.721047 0.495565 0.727090 0.505618 0.665660 0.486103 0.590131 0.409817 0.575025 0.354820 0.602216
1 0.336487 0.733132 0.349497 0.774421 0.438794 0.782477 0.496747 0.767372 0.494973 0.738167 0.457717 0.705942 0.389710 0.715005 0.338261 0.728097
1 0.339444 0.805639 0.346541 0.878147 0.434654 0.895267 0.489060 0.875126 0.499113 0.818731 0.484920 0.794562 0.418687 0.779456 0.364281 0.791541 0.343584 0.803625
3 0.538734 0.160121 0.536960 0.246727 0.587818 0.313192 0.751626 0.620342 0.776464 0.637462 0.817859 0.609265 0.851567 0.553877 0.875813 0.504532 0.830869 0.391742 0.785334 0.300101 0.826730 0.246727 0.800710 0.206445 0.741573 0.140987 0.705500 0.140987 0.655234 0.101712 0.580130 0.101712 0.539917 0.158107
3 0.555884 0.626385 0.532229 0.712991 0.525724 0.774421 0.516854 0.837865 0.548788 0.914401 0.591366 0.931521 0.640449 0.855992 0.687167 0.769386 0.697221 0.692850 0.689533 0.615307 0.742164 0.583082 0.764636 0.513595 0.739208 0.430010 0.646363 0.412890 0.604376 0.457200 0.573034 0.550856 0.554110 0.626385
3 1.008279 0.602216 0.827912 1.045317 0.882910 1.074522 0.975754 1.073515 1.011827 0.977845 1.063276 0.843907 1.083974 0.762336 1.075103 0.697885 1.050857 0.646526 1.011236 0.605237
3 0.817859 0.617321 0.742164 0.815710 0.715553 0.936556 0.746304 1.022155 0.791248 1.052367 0.844471 0.960725 0.901833 0.842900 0.920757 0.715005 0.906564 0.631420 0.865760 0.595166 0.822590 0.620342
